[OBJECTS]
# type	x	y	ani_set_id	extra_settings per object type
# type: 0 = Simon , 1 = Ground 
# Simon
0	160	400	-1	7	0	0	1	0
# Brick
1	32	80	24
1	32	112	24
1	32	144	24
1	32	176	24
1	32	208	24
1	32	240	24
1	32	272	24
1	32	304	24
1	32	336	24
1	32	368	24
1	32	400	24
1	64	400	24
1	96	400	24
1	160	400	24
1	256	272	24
1	288	272	24
1	320	400	24
1	352	400	24
1	384	400	24
1	416	400	24
1	448	272	24
1	448	400	24
1	480	272	24
1	480	400	24
1	512	400	24
1	544	400	24
1	576	400	24
1	608	400	24
1	704	400	24
1	736	400	24
1	832	336	24
1	864	336	24
1	896	400	24
1	928	400	24
1	960	304	24
1	960	432	24
1	992	304	24
1	992	432	24
1	1024	432	24
1	1056	432	24
1	1088	272	24
1	1120	272	24
1	1216	400	24
1	1248	400	24
1	1280	400	24
1	1312	400	24
1	1344	368	24
1	1376	368	24
1	1408	304	24
1	1440	304	24
1	1472	208	24
1	1472	336	24
1	1504	208	24
1	1504	336	24
# Gate
3	192	464	4
3	1540	240	6
# Stair
4	128	400	30	-1
4	160	432	26	-1
4	128	368	11	1
4	160	336	11	1
4	192	304	11	1
4	224	272	11	1
4	768	368	11	1
4	800	336	11	1
4	1152	272	10	-1
4	1184	304	10	-1
4	1216	336	10	-1
4	1248	368	10	-1
#Skeleton
9	630	336	28
9	1300	336	28
#Rave
11	544	145	29
11	832	240	29
11	960	176	29
11	1038	400	29